5 122 159 3861 0 421
5 122 161 3854 0 473
5 122 162 3854 0 447
5 122 162 3861 0 421
5 122 162 3874 0 185
5 122 162 3875 0 133
5 122 166 3854 0 473
5 122 183 3875 -132 126
5 122 187 3871 -176 194
5 122 188 3872 -153 178
5 122 189 3872 -153 178
5 122 190 3871 -176 194
5 122 190 3872 -153 178
5 122 191 3872 -153 178
5 122 192 3871 -176 194
5 122 193 3871 -176 194
5 122 193 3873 -170 162
5 122 194 3872 -170 162
5 122 194 3872 -153 178
5 122 194 3873 -170 162
5 122 195 3871 -176 194
5 122 198 3839 74 494
5 122 212 3875 0 157
5 122 218 3862 0 395
5 122 218 3875 0 133
5 122 219 3874 0 235
5 122 226 3875 0 104
5 122 229 3877 0 78
5 122 230 3876 0 104
5 122 235 3875 0 104
5 122 237 3875 0 157
5 122 244 3859 -129 428
5 122 247 3853 -155 471
5 122 247 3856 -159 445
5 122 248 3851 -148 449
5 122 255 3932 -290 0
5 122 266 3940 -421 0
5 122 273 3853 -345 361
5 122 273 3854 -361 345
5 122 273 3854 -353 353
5 122 274 3851 -345 361
5 122 276 3853 -361 345
5 122 289 3910 -485 0
2 118 139 3763 -62 -115
2 118 141 3759 -35 -285
2 118 155 3771 -104 0
2 118 155 3777 -104 0
2 118 155 3778 -104 0
2 118 155 3786 -104 0
2 118 155 3789 -78 0
2 118 155 3795 -104 0
2 118 155 3810 -104 0
2 118 155 3813 -104 0
2 118 156 3773 -130 0
2 118 156 3780 -113 108
2 118 158 3771 -157 0
2 118 161 3763 -195 215
2 118 162 3812 -234 17
2 118 163 3765 -261 0
2 118 163 3773 -261 0
2 118 163 3812 -261 0
2 118 180 3822 -457 -203
2 118 181 3813 -473 0
2 118 182 3813 -500 0
2 118 185 3814 -500 -25
2 118 190 3814 -497 -11
2 117 137 3820 15 -302
2 117 139 3723 98 184
2 117 146 3801 -74 -494
2 117 150 3782 -98 -437
2 117 152 3738 -130 0
2 117 155 3732 -104 0
2 117 155 3733 -104 0
2 117 155 3736 -104 0
2 117 155 3746 -104 0
2 117 155 3749 -104 0
2 117 155 3750 -104 0
2 117 155 3751 -104 0
2 117 155 3754 -104 0
2 117 155 3756 -104 0
2 117 155 3759 -104 0
2 117 155 3763 -78 0
2 117 155 3764 -104 0
2 117 155 3769 -104 0
2 117 155 3775 -104 0
2 117 155 3777 -104 0
2 117 155 3787 -104 0
2 117 156 3751 -130 -167
2 117 157 3769 -157 0
2 117 157 3775 -157 0
2 117 158 3732 -157 0
2 117 158 3751 -157 0
2 117 159 3754 -182 21
2 117 160 3733 -182 21
2 117 160 3751 -182 21
2 117 160 3806 -224 -447
2 117 163 3732 -261 0
2 117 163 3750 -261 0
2 117 163 3751 -261 0
2 117 163 3754 -261 0
2 117 178 3707 -500 0
2 117 178 3813 -500 0
2 115 138 3725 2 130
2 115 139 3724 0 26
2 115 143 3783 -60 -496
2 115 149 3720 -157 0
2 115 154 3770 -191 -462
2 115 155 3718 -104 0
2 115 155 3719 -104 0
2 115 155 3722 -104 0
2 115 155 3723 -104 0
2 115 163 3722 -261 0
2 115 164 3760 -345 -361
2 115 166 3722 -287 0
2 115 167 3660 -407 111
2 115 168 3764 -345 -361
2 115 168 3765 -345 -361
2 115 171 3767 -353 -353
2 115 176 3730 -471 23
2 115 180 3707 -500 0
2 115 193 3729 -366 18
2 115 194 3731 -340 0
3 122 139 3854 0 447
3 122 139 3854 0 473
3 122 140 3861 -21 421
3 122 141 3857 -33 445
3 122 141 3861 -31 419
3 122 141 3876 -96 92
3 122 146 3870 -193 213
3 122 171 3845 -353 353
3 122 171 3852 -287 408
3 122 175 3855 -353 353
3 122 178 3847 -345 361
3 122 179 3868 -345 361
3 122 180 3848 -345 361
3 122 180 3848 -335 371
3 122 203 3889 -419 41
2 120 150 3862 -150 -421
2 120 159 3837 -235 245
2 120 160 3828 -189 180
2 120 160 3829 -189 180
2 120 160 3830 -189 180
2 120 160 3831 -189 180
2 120 160 3833 -189 180
2 120 160 3834 -189 180
2 120 160 3835 -189 180
2 120 160 3836 -189 180
2 120 160 3837 -189 180
2 120 160 3838 -189 180
2 120 160 3842 -189 180
2 120 162 3826 -208 198
2 120 177 3816 -494 74
2 120 180 3816 -500 0
2 120 181 3815 -498 37
2 120 182 3838 -500 0
2 120 187 3813 -500 0
2 120 188 3811 -392 8
2 120 188 3812 -392 0
2 120 188 3817 -500 0
2 120 189 3811 -392 8
2 120 191 3806 -492 85
2 120 192 3812 -366 0
2 120 200 3838 -500 0
1 116 139 3744 0 -500
1 116 147 3741 -326 -378
1 116 149 3730 -468 -70
1 116 149 3731 -466 -81
1 116 150 3745 -335 -371
1 116 151 3745 -335 -371
2 121 142 3819 -97 490
2 121 156 3855 -212 423
2 121 156 3875 -96 123
2 121 158 3868 -219 228
2 121 160 3859 -189 180
2 121 160 3860 -189 180
2 121 160 3860 -176 194
2 121 160 3861 -189 180
2 121 160 3862 -189 180
2 121 160 3863 -189 180
2 121 160 3863 -176 194
2 121 160 3864 -189 180
2 121 160 3865 -189 180
2 121 160 3866 -189 180
2 121 160 3866 -176 194
2 121 160 3867 -189 180
2 121 160 3867 -176 194
2 121 160 3868 -189 180
2 121 160 3869 -189 180
2 121 160 3870 -189 180
2 121 160 3871 -189 180
2 121 160 3871 -170 162
2 121 168 3880 -421 -21
2 121 171 3880 -224 447
1 119 52 3885 0 -447
1 119 142 3809 -132 482
1 119 149 3814 -466 179
1 119 150 3831 -492 -85
1 119 155 3815 -498 48
1 119 158 3817 -498 37
124 9 3900 326 366 0
124 9 3901 267 340 0
124 9 3910 326 500 -25
124 9 3911 333 462 -191
124 9 3912 331 296 -402
124 9 3916 325 500 0
124 9 3920 338 463 -81
124 9 3925 325 421 0
124 9 3927 325 395 0
124 9 3932 325 369 0
124 9 3932 361 291 -339
124 9 3933 300 261 0
124 9 3933 325 261 0
124 9 3935 277 175 194
124 9 3936 276 177 196
124 9 3937 301 209 0
124 9 3938 326 180 -31
124 9 3939 276 130 0
124 9 3939 283 130 0
124 9 3939 324 130 0
124 9 3939 325 130 0
124 9 3940 322 104 0
124 9 3940 324 185 0
124 9 3940 325 157 0
124 9 3941 310 104 0
124 9 3955 251 18 366
124 9 3956 361 0 -366
124 9 3965 267 488 -109
124 11 3902 325 500 0
124 11 3902 328 500 0
124 11 3905 324 366 0
124 11 3905 325 366 0
124 11 3906 317 490 97
124 11 3906 323 500 0
124 11 3906 327 392 -20
124 11 3923 330 252 69
124 11 3925 329 424 139
124 11 3932 390 369 0
124 11 3934 334 198 207
124 11 3936 340 189 180
124 11 3936 341 189 180
124 11 3936 342 189 180
124 11 3936 343 189 180
124 11 3936 344 189 180
124 11 3936 345 175 194
124 11 3936 345 189 180
124 11 3936 350 189 180
124 11 3936 360 189 180
124 11 3936 362 175 194
124 11 3936 362 189 180
124 11 3937 361 153 178
124 11 3939 352 151 144
124 11 3942 326 69 37
124 11 3948 306 125 457
124 11 3956 304 0 314
123 123 3900 3909 279 279
123 123 3914 3888 345 361
123 123 3915 3890 353 353
123 123 3916 3886 345 361
123 123 3916 3901 345 361
123 123 3917 3883 353 353
123 123 3947 3881 114 458
123 123 3956 3881 0 500
123 123 3956 3886 0 447
123 123 3956 3905 0 250
124 5 3905 219 366 0
124 5 3906 220 392 0
124 5 3907 220 392 0
124 5 3908 219 471 0
124 5 3913 225 494 -74
124 5 3920 214 428 -129
124 5 3932 207 228 -219
124 5 3932 213 226 -217
124 5 3933 207 216 -227
124 5 3933 208 216 -227
124 5 3933 209 216 -227
124 5 3933 210 216 -227
124 5 3933 211 216 -227
124 5 3933 213 226 -217
124 5 3933 216 392 -210
124 5 3934 205 209 -201
124 5 3934 211 207 -199
124 5 3935 205 193 -213
124 5 3935 205 194 -216
124 5 3935 206 193 -213
124 5 3935 207 193 -213
124 5 3935 208 193 -213
124 5 3935 209 193 -213
124 5 3935 210 193 -213
124 5 3935 211 193 -213
124 5 3936 203 189 -181
124 5 3936 208 175 -194
124 5 3936 209 175 -194
124 5 3937 204 153 -178
124 5 3948 229 142 -283
124 5 3957 204 72 108
124 7 3916 228 361 -345
124 7 3931 296 300 -332
124 7 3933 219 261 0
124 7 3933 220 261 0
124 7 3933 220 287 -21
124 7 3933 224 261 0
124 7 3933 225 261 0
124 7 3933 226 261 0
124 7 3933 228 261 0
124 7 3934 220 282 -21
124 7 3937 219 180 -27
124 7 3938 201 335 -371
124 7 3938 219 157 0
124 7 3939 219 130 0
124 7 3939 219 157 0
124 7 3939 230 130 0
124 7 3940 219 130 0
124 7 3940 220 104 0
124 7 3940 225 104 0
124 7 3940 226 104 0
124 7 3944 199 361 -345
124 7 3955 266 -62 -115
124 7 3956 293 0 -157
125 8 3942 290 371 -335
125 8 3946 292 277 -416
125 8 3948 290 236 -441
125 8 3955 269 412 82
125 8 3955 284 85 -492
123 13 3913 384 189 180
123 13 3915 362 353 353
123 13 3917 363 353 353
123 13 3927 353 326 378
123 13 3938 347 224 447
123 13 3950 384 110 268
123 13 3954 402 285 273
123 13 3956 380 0 369
124 12 3905 407 498 -48
124 12 3912 377 345 361
124 12 3913 373 345 361
124 12 3914 377 335 371
124 12 3928 384 287 -43
124 12 3935 382 189 180
124 12 3936 374 189 180
124 12 3936 380 189 180
124 12 3936 382 189 180
124 12 3940 387 113 108
124 12 3942 385 113 108
124 12 3949 317 121 484
125 6 3946 216 451 -212
125 6 3956 198 78 237
125 6 3956 200 256 57
125 6 3956 202 113 294
2 10 72 417 -345 -361
2 10 126 300 -339 -292
2 10 150 334 -182 -409
2 10 160 313 -189 180
2 10 160 314 -189 180
2 10 160 315 -189 180
2 10 160 316 -189 180
2 10 160 317 -189 180
2 10 160 318 -189 180
2 10 160 319 -189 180
2 10 160 320 -189 180
2 10 160 321 -189 180
2 10 166 280 -500 -25
2 10 169 333 -346 -283
2 10 171 309 -361 -345
2 10 172 300 -437 97
2 10 175 297 -453 136
2 10 184 287 -492 85
2 10 185 287 -492 85
2 10 187 292 -392 0
2 10 188 291 -392 8
2 10 188 292 -392 0
2 10 188 293 -500 0
2 10 189 291 -392 8
2 10 189 303 -500 -11
2 10 191 286 -492 85
2 10 191 292 -366 0
2 10 191 292 -366 8
2 10 191 297 -497 0
2 10 192 292 -366 0
2 10 193 285 -490 97
125 10 3942 325 500 0
125 10 3952 316 144 478
125 10 3952 344 361 -345
125 10 3955 325 48 498
125 10 3955 325 97 490
125 10 4043 405 0 -473
124 119 3896 3845 500 0
124 119 3902 3848 498 -48
124 119 3902 3857 466 -179
124 119 3903 3790 366 -18
124 119 3906 3784 392 0
124 119 3907 3787 392 -9
124 119 3916 3845 500 0
124 119 3917 3871 500 0
124 119 3918 3841 445 43
124 119 3918 3845 473 0
124 119 3927 3845 395 0
124 119 3929 3860 325 -98
124 119 3932 3845 369 0
124 119 3932 3881 291 -339
124 119 3933 3777 311 242
124 119 3933 3839 261 0
124 119 3933 3842 261 0
124 119 3933 3845 261 0
124 119 3935 3843 235 0
124 119 3936 3797 191 182
124 119 3936 3883 239 -377
124 119 3937 3845 183 0
124 119 3938 3839 157 0
124 119 3938 3841 157 0
124 119 3939 3796 130 0
124 119 3939 3803 130 0
124 119 3939 3832 130 0
124 119 3939 3841 130 0
124 119 3939 3843 130 0
124 119 3939 3845 130 0
124 119 3940 3845 157 0
124 119 3956 3734 0 500
124 121 3902 3848 500 0
124 121 3905 3844 366 0
124 121 3905 3845 366 0
124 121 3906 3837 490 97
124 121 3906 3847 392 -20
124 121 3907 3843 500 0
124 121 3916 3845 473 0
124 121 3920 3896 437 97
124 121 3922 3910 447 0
124 121 3927 3854 387 76
124 121 3929 3852 381 104
124 121 3935 3855 175 194
124 121 3935 3862 175 194
124 121 3935 3871 175 194
124 121 3935 3876 175 194
124 121 3936 3856 189 180
124 121 3936 3863 189 180
124 121 3936 3865 189 180
124 121 3936 3867 189 180
124 121 3936 3868 189 180
124 121 3936 3871 189 180
124 121 3936 3872 189 180
124 121 3938 3878 169 162
124 121 3939 3868 151 144
124 121 3939 3882 151 144
124 121 3941 3883 89 128
124 121 3946 3821 118 431
124 121 3952 3841 117 207
124 121 3956 3822 0 447
124 121 3956 3845 0 0
124 117 3905 3731 470 167
124 117 3910 3739 500 0
124 117 3916 3739 500 0
124 117 3919 3764 471 0
124 117 3927 3739 395 0
124 117 3933 3748 261 0
124 117 3933 3764 261 0
124 117 3933 3766 261 0
124 117 3933 3774 261 0
124 117 3933 3778 261 0
124 117 3933 3781 261 0
124 117 3933 3782 261 0
124 117 3933 3787 261 0
124 117 3934 3740 282 -21
124 117 3935 3784 235 0
124 117 3935 3789 194 -216
124 117 3937 3739 183 0
124 117 3938 3739 183 0
124 117 3938 3783 157 0
124 117 3938 3786 155 -180
124 117 3939 3739 130 0
124 117 3939 3764 130 0
124 117 3939 3773 130 0
124 117 3939 3781 130 0
124 117 3939 3782 130 0
124 117 3939 3785 153 -146
124 117 3939 3787 130 0
124 117 3939 3789 119 -139
124 117 3940 3740 130 0
124 117 3940 3745 104 0
124 117 3940 3774 104 0
124 117 3940 3776 130 0
124 117 3940 3787 130 0
124 117 3941 3744 104 0
124 117 3941 3754 -80 -194
124 117 3941 3754 104 0
124 117 3941 3766 104 0
124 117 3950 3708 191 462
124 117 3953 3805 79 -224
124 115 3906 3740 392 0
124 115 3907 3740 392 0
124 115 3908 3739 471 0
124 115 3908 3741 392 -9
124 115 3915 3740 444 -10
124 115 3916 3765 345 -361
124 115 3920 3740 471 -11
124 115 3923 3716 421 0
124 115 3933 3733 216 -227
124 115 3933 3736 392 -210
124 115 3935 3728 193 -213
124 115 3935 3729 193 -213
124 115 3935 3730 193 -213
124 115 3935 3731 193 -213
124 115 3936 3728 175 -194
124 115 3936 3729 189 -181
124 115 3937 3728 153 -178
124 115 3938 3727 169 -162
124 115 3939 3724 136 -158
124 115 3949 3753 101 -408
124 115 3950 3752 130 -315
124 115 3955 3768 48 -498
124 115 3956 3761 0 -473
124 115 3991 3648 304 291
125 118 3944 3811 316 -386
125 118 3946 3812 277 -416
125 118 3947 3809 296 -402
125 118 3948 3810 236 -441
125 118 3952 3800 335 -371
125 118 3952 3812 101 -408
125 118 3955 3789 412 82
125 118 3969 3790 371 132
124 122 3902 3917 490 97
124 122 3906 3918 492 85
124 122 3935 3902 189 180
124 122 3936 3902 189 180
124 122 3936 3903 189 180
124 122 3940 3907 113 108
124 122 3944 3886 171 385
124 122 3955 3862 97 490
124 122 3956 3832 0 500
124 122 3956 3833 0 500
125 116 3936 3735 494 -74
125 116 3946 3736 451 -212
125 116 3953 3745 85 -492
125 116 3954 3741 74 -494
125 116 3955 3739 48 -498
125 116 3956 3741 0 -500
125 120 3936 3847 494 74
125 120 3936 3855 488 109
125 120 3937 3856 494 74
125 120 3940 3847 488 109
125 120 3942 3845 500 0
125 120 3952 3836 144 478
125 120 3952 3837 156 474
125 120 4043 3917 0 -447
125 120 4078 3800 -58 390
5 12 143 439 229 -51
5 12 162 353 0 212
5 12 162 354 0 185
5 12 164 466 -60 -496
5 12 170 450 0 -342
5 12 186 355 285 233
5 12 187 356 -193 213
5 12 188 461 0 -447
5 12 189 352 -153 178
5 12 190 351 -176 194
5 12 190 352 -153 178
5 12 190 354 -132 161
5 12 190 465 156 -474
5 12 191 352 -153 178
5 12 192 351 -176 194
5 12 192 352 -153 178
5 12 192 354 -132 161
5 12 193 351 -176 194
5 12 193 352 -170 162
5 12 193 352 -153 178
5 12 193 353 -170 162
5 12 194 351 -176 194
5 12 194 352 -170 162
5 12 194 352 -153 178
5 12 194 353 -170 162
5 12 195 351 -176 194
5 12 196 351 -176 194
5 12 196 461 0 -447
5 12 198 352 171 164
5 12 214 315 38 391
5 12 217 433 32 99
5 12 218 317 0 366
5 12 218 321 0 500
5 12 218 325 0 497
5 12 218 346 0 369
5 12 218 355 0 133
5 12 224 329 -149 418
5 12 224 342 0 235
5 12 226 355 0 104
5 12 235 355 0 104
5 12 236 335 -11 471
5 12 236 350 0 235
5 12 238 350 0 235
5 12 238 358 0 157
5 12 239 332 -43 442
5 12 240 317 0 340
5 12 240 358 0 157
5 12 241 313 -141 280
5 12 241 315 -30 312
5 12 241 316 0 340
5 12 243 338 -108 433
5 12 244 333 -108 433
5 12 245 333 -120 481
5 12 246 339 -139 422
5 12 247 336 -159 445
5 12 248 332 -141 394
5 12 249 331 -159 445
5 12 251 319 -441 236
5 12 252 322 -156 474
5 12 252 322 -139 422
5 12 252 443 -73 -30
5 12 254 318 -471 0
5 12 260 390 -421 -267
5 12 264 439 -219 -84
5 12 266 390 -421 0
5 12 273 333 -345 361
5 12 273 334 -361 345
5 12 273 334 -353 353
5 12 273 334 -345 361
5 12 284 443 -500 11
2 8 20 286 0 -500
2 8 136 212 161 86
2 8 139 205 0 178
2 8 144 213 -60 496
2 8 146 193 -277 416
2 8 152 259 -177 196
2 8 154 293 -52 0
2 8 155 251 -104 0
2 8 155 270 -104 0
2 8 155 276 -104 0
2 8 155 277 -104 0
2 8 155 279 -104 0
2 8 155 280 -104 0
2 8 155 282 -104 0
2 8 155 285 -104 0
2 8 155 286 -104 0
2 8 155 289 -104 0
2 8 155 291 -104 0
2 8 155 292 -104 0
2 8 155 293 -104 0
2 8 156 293 -130 0
2 8 157 280 -157 0
2 8 158 251 -157 0
2 8 158 293 -157 0
2 8 161 243 -195 215
2 8 162 292 -234 17
2 8 171 293 -421 0
2 8 178 315 -345 -361
2 8 179 316 -361 -345
2 8 181 301 -306 -394
2 8 182 295 -484 -121
2 8 182 320 -345 -361
2 8 183 294 -492 -85
2 8 185 294 -500 -25
2 8 185 322 -361 -345
2 8 186 293 -500 -25
2 8 190 294 -497 -11
2 8 200 294 -444 0
2 7 28 264 291 -339
2 7 139 269 -70 110
2 7 139 273 0 0
2 7 139 286 0 -157
2 7 145 257 -74 -494
2 7 150 281 -109 -488
2 7 153 290 -441 -236
2 7 155 213 -104 0
2 7 155 217 -104 0
2 7 155 218 -104 0
2 7 155 223 -104 0
2 7 155 224 -104 0
2 7 155 227 -104 0
2 7 155 228 -104 0
2 7 155 229 -104 0
2 7 155 230 -104 0
2 7 155 231 -104 0
2 7 155 232 -104 0
2 7 155 232 -78 0
2 7 155 233 -104 0
2 7 155 236 -104 0
2 7 155 238 -104 0
2 7 155 243 -104 0
2 7 155 245 -104 0
2 7 155 251 -104 0
2 7 155 253 -104 0
2 7 155 255 -104 0
2 7 155 257 -104 0
2 7 155 267 -104 0
2 7 156 212 -130 0
2 7 156 216 -130 0
2 7 157 219 -130 0
2 7 157 226 -130 0
2 7 157 251 -157 0
2 7 157 253 -157 0
2 7 157 255 -157 0
2 7 157 257 -157 0
2 7 158 212 -157 0
2 7 158 217 -157 0
2 7 158 231 -157 0
2 7 158 232 -154 26
2 7 158 263 -233 -412
2 7 159 224 -182 21
2 7 159 228 -182 21
2 7 159 229 -182 21
2 7 159 233 -182 21
2 7 159 234 -172 -200
2 7 159 238 -182 21
2 7 159 239 -182 21
2 7 159 285 -224 -447
2 7 160 223 -182 21
2 7 161 270 -236 -441
2 7 161 281 -246 -435
2 7 163 211 -261 0
2 7 163 212 -261 0
2 7 163 223 -261 0
2 7 163 228 -261 0
2 7 163 232 -261 0
2 7 163 233 -261 0
2 7 163 244 -261 0
2 7 166 187 -500 0
2 7 166 228 -287 0
2 7 166 232 -287 0
2 7 166 233 -287 0
2 7 177 293 -444 0
2 7 178 187 -500 0
2 7 178 293 -500 0
2 5 139 217 -16 -20
2 5 139 244 -191 -462
2 5 139 244 0 -500
2 5 147 198 -183 0
2 5 151 225 -244 -407
2 5 155 199 -104 0
2 5 155 202 -104 0
2 5 155 203 -104 0
2 5 155 223 -233 -285
2 5 158 223 -168 -357
2 5 162 199 -235 0
2 5 163 202 -261 0
2 5 165 240 -345 -361
2 5 165 241 -345 -361
2 5 166 202 -287 0
2 5 168 245 -345 -361
2 5 171 244 -378 -326
2 5 171 247 -353 -353
2 5 172 209 -438 -76
2 5 172 246 -378 -326
2 5 172 247 -353 -353
2 5 176 210 -471 23
2 5 178 211 -444 0
2 5 193 209 -366 18
2 5 194 211 -340 0
2 5 195 211 -340 0
1 6 137 208 -198 -369
1 6 139 224 0 -500
1 6 144 230 -156 -474
1 6 149 210 -468 -70
1 6 149 211 -466 -81
1 6 150 225 -335 -371
1 6 151 225 -335 -371
3 12 62 466 0 -471
3 12 106 465 78 -221
3 12 138 441 0 157
3 12 140 341 -21 421
3 12 145 344 -86 385
3 12 146 342 -102 408
3 12 149 355 -230 384
3 12 163 333 -345 361
3 12 167 482 -70 -465
3 12 171 332 -287 408
3 12 171 353 -339 250
3 12 176 362 -459 114
3 12 179 329 -345 361
3 12 180 328 -345 361
3 12 180 328 -335 371
3 12 180 341 -335 371
3 12 180 360 -387 271
3 12 180 361 -457 125
3 12 186 360 -361 345
3 12 198 361 -425 139
2 11 93 427 -500 0
2 11 139 338 -62 -115
2 11 149 367 -191 182
2 11 152 323 -159 445
2 11 155 354 -94 90
2 11 156 355 -113 108
2 11 156 355 -96 123
2 11 158 311 -335 371
2 11 158 350 -185 0
2 11 160 333 -189 180
2 11 160 334 -189 180
2 11 160 335 -189 180
2 11 160 336 -189 180
2 11 160 337 -189 180
2 11 160 338 -189 180
2 11 160 339 -189 180
2 11 160 340 -189 180
2 11 160 341 -189 180
2 11 160 342 -189 180
2 11 160 343 -189 180
2 11 160 344 -189 180
2 11 160 345 -189 180
2 11 160 345 -176 194
2 11 160 346 -189 180
2 11 160 347 -189 180
2 11 160 348 -189 180
2 11 160 348 -176 194
2 11 160 349 -189 180
2 11 160 350 -189 180
2 11 160 351 -189 180
2 11 166 342 -292 339
2 11 168 318 -500 0
2 11 173 340 -447 0
2 11 173 343 -361 345
2 11 180 318 -500 0
2 11 187 326 -345 361
2 11 188 369 -492 85
2 11 190 371 -498 37
2 11 191 371 -498 37
1 9 52 365 0 -447
1 9 134 299 -447 0
1 9 135 303 -392 -48
1 9 142 289 -132 482
1 9 142 304 -446 -43
1 9 142 323 -121 -484
1 9 149 294 -466 179
1 9 150 323 -316 -386
1 9 152 321 -371 -335
1 9 154 293 -500 0
1 9 155 297 -316 386
1 9 156 296 -496 60
