106,10,3337,351,471,35
106,10,3339,378,353,-353
106,10,3342,401,353,-353
106,10,3351,356,395,0
106,10,3351,363,395,0
106,10,3354,291,403,190
106,10,3356,365,314,-16
106,10,3358,404,345,-361
106,10,3370,296,289,183
106,10,3372,397,335,-371
106,10,3373,397,335,-371
106,10,3373,397,345,-361
106,10,3373,405,345,-361
106,10,3373,406,335,-371
106,10,3373,406,345,-361
106,10,3375,389,345,-361
106,10,3376,386,361,-345
106,10,3377,409,287,-408
106,10,3380,399,345,-361
106,10,3392,401,335,-371
106,10,3396,396,361,-345
106,10,3401,376,233,-285
106,10,3410,382,57,-230
106,10,3412,375,0,-264
106,20,3336,600,371,335
106,20,3339,616,498,-37
106,20,3339,616,500,0
106,20,3339,617,498,-37
106,20,3341,700,438,-181
106,20,3357,601,282,312
106,20,3357,602,282,312
106,20,3357,619,408,101
106,20,3369,613,194,249
106,20,3373,589,353,353
106,20,3374,588,353,353
106,20,3374,595,345,361
106,20,3376,606,361,345
106,20,3378,589,353,353
106,20,3444,742,0,-500
106,20,3452,741,0,-500
106,20,3467,704,0,-264
107,11,3361,410,408,-287
107,11,3364,417,340,-325
107,11,3364,419,340,-325
107,11,3364,423,340,-325
107,11,3366,401,353,-353
107,11,3366,410,368,-334
107,11,3366,411,368,-334
107,11,3367,411,358,-344
107,11,3367,421,351,-351
107,11,3367,424,351,-351
107,11,3369,427,345,-361
107,11,3371,408,361,-345
107,11,3371,410,361,-345
107,11,3371,412,361,-345
107,11,3371,416,361,-345
107,11,3371,418,361,-345
107,11,3371,420,361,-345
107,11,3371,421,361,-345
107,11,3371,430,361,-345
107,11,3372,423,335,-371
107,11,3374,426,353,-353
107,11,3384,428,457,125
107,13,3354,445,444,0
107,13,3355,446,340,0
107,13,3355,446,361,0
107,13,3355,447,340,0
107,13,3355,448,340,0
107,13,3355,449,340,0
107,13,3355,450,340,0
107,13,3355,451,340,0
107,13,3355,452,340,0
107,13,3355,453,340,0
107,13,3355,455,340,0
107,13,3355,456,340,0
107,13,3355,459,340,0
107,13,3356,446,366,0
107,13,3356,461,366,0
107,13,3358,446,366,0
107,13,3363,477,392,0
107,13,3367,456,418,0
107,13,3369,468,345,-361
107,13,3372,448,444,0
107,13,3372,449,444,0
107,13,3372,451,444,0
107,13,3372,452,444,0
107,13,3372,459,444,0
107,13,3376,450,471,0
107,13,3378,461,444,-10
107,13,3385,494,345,-361
107,13,3402,453,287,0
107,13,3405,464,-31,-207
107,16,3355,500,340,0
107,16,3355,501,340,0
107,16,3355,502,340,0
107,16,3355,503,340,0
107,16,3355,504,340,0
107,16,3355,505,340,0
107,16,3355,541,340,0
107,16,3360,547,471,0
107,16,3381,498,345,-361
107,16,3389,536,253,-400
107,16,3392,487,335,-371
107,16,3396,481,361,-345
107,16,3408,501,-49,-92
107,16,3418,489,46,-472
107,16,3420,487,219,-329
107,18,3361,547,500,0
107,18,3362,546,392,0
107,18,3363,546,392,0
107,18,3363,547,392,0
107,18,3364,548,332,332
107,18,3364,549,418,0
107,18,3365,545,418,21
107,18,3366,546,418,0
107,18,3367,546,358,343
107,18,3367,547,358,343
107,18,3367,548,358,343
107,18,3367,551,358,343
107,18,3367,554,358,343
107,18,3367,562,358,343
107,18,3367,565,358,343
107,18,3367,568,358,343
107,18,3388,557,355,98
107,18,3401,527,129,428
107,18,3403,552,185,0
107,19,3362,585,402,296
107,19,3365,581,358,343
107,19,3365,581,368,333
107,19,3366,578,343,358
107,19,3366,581,358,343
107,19,3366,588,345,361
107,19,3366,643,361,-345
107,19,3367,566,358,343
107,19,3367,568,358,343
107,19,3367,569,358,343
107,19,3367,575,358,343
107,19,3367,578,358,343
107,19,3367,580,358,343
107,19,3367,581,361,345
107,19,3391,598,273,285
107,19,3403,537,236,441
107,19,3405,591,-149,182
107,19,3406,537,167,470
107,19,3406,538,179,466
107,19,3406,539,191,462
107,19,3412,555,361,345
108,14,3400,447,441,236
108,14,3410,459,447,0
108,14,3410,460,447,0
108,14,3410,464,445,-43
108,14,3410,484,447,0
108,14,3414,465,416,-62
108,14,3415,485,339,-292
108,14,3420,489,283,-346
108,14,3524,551,144,-478
108,15,3410,483,447,0
108,15,3410,500,447,0
108,15,3414,494,414,72
108,15,3416,479,393,38
108,15,3418,476,319,274
108,15,3421,482,369,8
108,15,3499,557,0,-447
